2026-04-14 16:33:06.978656 ==============================================================================
2026-04-14 16:33:06.992941 Suites
2026-04-14 16:33:06.993031 ==============================================================================
2026-04-14 16:33:06.993077 Suites.Auth
2026-04-14 16:33:06.999901 ==============================================================================
2026-04-14 16:33:08.408811 Suites.Auth.TC05 register existing email
2026-04-14 16:33:08.414958 ==============================================================================
2026-04-14 16:34:32.715447 TC05 Register User With Existing Email                                | FAIL |
2026-04-14 16:34:32.755747 Setup failed:
2026-04-14 16:34:32.755817 WebDriverException: Message: unknown error: net::ERR_NAME_NOT_RESOLVED
2026-04-14 16:34:32.755839   (Session info: chrome=145.0.7632.116)
2026-04-14 16:34:32.755854 Stacktrace:
2026-04-14 16:34:32.755867 #0 0x55b541b56b6a <unknown>
2026-04-14 16:34:32.755880 #1 0x55b541569a32 <unknown>
2026-04-14 16:34:32.755892 #2 0x55b5415607ba <unknown>
2026-04-14 16:34:32.755904 #3 0x55b541551481 <unknown>
2026-04-14 16:34:32.755917 #4 0x55b54155327c <unknown>
2026-04-14 16:34:32.755929 #5 0x55b541551979 <unknown>
2026-04-14 16:34:32.755941 #6 0x55b541551065 <unknown>
2026-04-14 16:34:32.755954 #7 0x55b541550c16 <unknown>
2026-04-14 16:34:32.755966 #8 0x55b54154e731 <unknown>
2026-04-14 16:34:32.755979 #9 0x55b54154ef80 <unknown>
2026-04-14 16:34:32.755991 #10 0x55b54156d41d <unknown>
2026-04-14 16:34:32.756004 #11 0x55b541607feb <unknown>
2026-04-14 16:34:32.756017 #12 0x55b541607369 <unknown>
2026-04-14 16:34:32.756031 #13 0x55b5415b0c0f <unknown>
2026-04-14 16:34:32.756046 #14 0x55b5415b19d1 <unknown>
2026-04-14 16:34:32.756059 #15 0x55b541b1b6b9 <unknown>
2026-04-14 16:34:32.756073 #16 0x55b541b1e5c1 <unknown>
2026-04-14 16:34:32.756087 #17 0x55b541b07e29 <unknown>
2026-04-14 16:34:32.756099 #18 0x55b541b1f17e <unknown>
2026-04-14 16:34:32.756111 #19 0x55b541aee4b0 <unknown>
2026-04-14 16:34:32.756125 #20 0x55b541b43578 <unknown>
2026-04-14 16:34:32.756140 #21 0x55b541b4374b <unknown>
2026-04-14 16:34:32.756247 #22 0x55b541b551a3 <unknown>
2026-04-14 16:34:32.756284 #23 0x7fd512553aa4 <unknown>
2026-04-14 16:34:32.756305 #24 0x7fd5125e0c6c <unknown>
2026-04-14 16:34:32.756332 ------------------------------------------------------------------------------
2026-04-14 16:34:32.756347 Suites.Auth.TC05 register existing email                              | FAIL |
2026-04-14 16:34:32.757430 1 test, 0 passed, 1 failed
2026-04-14 16:34:32.757473 ==============================================================================
2026-04-14 16:34:32.757491 Suites.Auth                                                           | FAIL |
2026-04-14 16:34:32.758483 1 test, 0 passed, 1 failed
2026-04-14 16:34:32.758533 ==============================================================================
2026-04-14 16:34:32.758548 Suites                                                                | FAIL |
2026-04-14 16:34:32.759422 1 test, 0 passed, 1 failed
2026-04-14 16:34:32.759473 ==============================================================================
2026-04-14 16:34:32.759489 Output:  /home/surendra.cv/projects/practice/robot-framework/reports/pabot_results/4/output.xml
