2026-04-28 04:16:22.096218 ==============================================================================
2026-04-28 04:16:22.114772 Suites
2026-04-28 04:16:22.114788 ==============================================================================
2026-04-28 04:16:22.114799 Suites.Cart
2026-04-28 04:16:22.115522 ==============================================================================
2026-04-28 04:16:22.215728 Suites.Cart.TC20 search and verify cart after login :: TC20 - Search Produc...
2026-04-28 04:16:22.255173 ==============================================================================
2026-04-28 04:16:47.568221 TC20 Search Products And Verify Cart After Login                      | FAIL |
2026-04-28 04:16:47.616280 ElementClickInterceptedException: Message: element click intercepted: Element <a href="/products">...</a> is not clickable at point (926, 40). Other element would receive the click: <iframe id="aswift_1" name="aswift_1" style="min-height: auto !important; max-height: none !important; min-width: auto !important; max-width: none !important; width: 100vw !important; height: 100vh !important; inset: 0px auto auto 0px !important; position: absolute !important; clear: none !important; display: inline !important; float: none !important; margin: 0px !important; opacity: 1 !important; overflow: visible !important; padding: 0px !important; vertical-align: baseline !important; visibility: visible !important; z-index: auto !important;" sandbox="allow-forms allow-popups allow-popups-to-escape-sandbox allow-same-origin allow-scripts allow-top-navigation-by-user-activation" width="" height="" frameborder="0" marginwidth="0" marginheight="0" vspace="0" hspace="0" allowtransparency="true" scrolling="no" allow="attribution-reporting; run-ad-auction" src="https://googleads.g.doubleclick.net/pagead/html/r20260424/r20190131/zrt_lookup.html#RS-0-&amp;adk=1812271808&amp;client=ca-pub-1677597403311019&amp;fa=8&amp;ifi=2&amp;uci=a!2" data-google-container-id="a!2" tabindex="0" title="Advertisement" aria-label="Advertisement" data-google-query-id="CMiDlPfXj5QDFSDm_QUdQ3YEWw" data-load-complete="true"></iframe>
2026-04-28 04:16:47.616302   (Session info: chrome=147.0.7727.55)
2026-04-28 04:16:47.616312     [ Message content over the limit has been removed. ]
2026-04-28 04:16:47.616320 #1 0x5618cc06f265 <unknown>
2026-04-28 04:16:47.616326 #2 0x5618cc0c922b <unknown>
2026-04-28 04:16:47.616333 #3 0x5618cc0c6e62 <unknown>
2026-04-28 04:16:47.616339 #4 0x5618cc0c43a9 <unknown>
2026-04-28 04:16:47.616345 #5 0x5618cc0c34a7 <unknown>
2026-04-28 04:16:47.616352 #6 0x5618cc0b74c2 <unknown>
2026-04-28 04:16:47.616358 #7 0x5618cc0b6e07 <unknown>
2026-04-28 04:16:47.616364 #8 0x5618cc10a969 <unknown>
2026-04-28 04:16:47.616370 #9 0x5618cc0b55cf <unknown>
2026-04-28 04:16:47.616377 #10 0x5618cc0b6391 <unknown>
2026-04-28 04:16:47.616383 #11 0x5618cc63304b <unknown>
2026-04-28 04:16:47.616389 #12 0x5618cc63600d <unknown>
2026-04-28 04:16:47.616395 #13 0x5618cc61f808 <unknown>
2026-04-28 04:16:47.616401 #14 0x5618cc636ba0 <unknown>
2026-04-28 04:16:47.616407 #15 0x5618cc606280 <unknown>
2026-04-28 04:16:47.616413 #16 0x5618cc65adb8 <unknown>
2026-04-28 04:16:47.616419 #17 0x5618cc65af88 <unknown>
2026-04-28 04:16:47.616424 #18 0x5618cc66c5de <unknown>
2026-04-28 04:16:47.616430 #19 0x7f80e349caa4 <unknown>
2026-04-28 04:16:47.616436 #20 0x7f80e3529c6c <unknown>
2026-04-28 04:16:47.616442 ------------------------------------------------------------------------------
2026-04-28 04:16:47.616449 Suites.Cart.TC20 search and verify cart after login :: TC20 - Sear... | FAIL |
2026-04-28 04:16:47.617051 1 test, 0 passed, 1 failed
2026-04-28 04:16:47.617089 ==============================================================================
2026-04-28 04:16:47.617099 Suites.Cart                                                           | FAIL |
2026-04-28 04:16:47.617521 1 test, 0 passed, 1 failed
2026-04-28 04:16:47.617564 ==============================================================================
2026-04-28 04:16:47.617575 Suites                                                                | FAIL |
2026-04-28 04:16:47.617895 1 test, 0 passed, 1 failed
2026-04-28 04:16:47.617947 ==============================================================================
2026-04-28 04:16:47.617957 Output:  /home/runner/work/engg-robot-testing-framework/engg-robot-testing-framework/reports/pabot_results/8/output.xml
